21
22
23
24
25
26
27
28
29
30
31
32
33
34
35
36
37
38
39
40
41
42
43
44
45
46
47
48
49
50
51
52
53
54
55
56
57
58
59
60
61
62
63
78
156
234
312
390
468
546
624
702
780
858
936
1014
1092
1170
1248
1326
1404
1482
1560
1638
1716
1794
1872
1950
2028
2106
2184
2262
2340
2574
2730
2808
3198
3276
3354
3432
3900
4134
4212
4914
5226
5382
5460
5538
5850
5928
6006
6162
6240
6318
6474
7020
7104
7105
7106
7107
7108
7109
7110
7111
7112
7113
7114
7115
7116
7117
7118
7119
7120
7121
7122
7123
7124
7125
7126
7127
7128
7129
7130
7131
7132
7133
7134
7135
7136
7137
7138
7139
7140
7141
7142
7143
7144
7145
7146
7147
7148
7149
7150
7151
7152
7254
7722
7800
7956
8034
8112
8190
8580
8658
8736
8814
8892
8970
9048
9126
9204
9360
9438
9516
9594
9672
9750
9828
9906
9984
10062
10140
10218
10296
10374
10452
10530
10608
10686
10764
10842
10920
10998
11076
11154
11232
11310
11388
11466
11544
11622
11700
11778
11934
12168
12246
12324
12402
12480
12558
12636
12714
12792
12870
13104
13182
13260
13338
13416
13494
13650
13728
13806
13884
13962
14040
14430
14508
14742
14820
14898
14976
15054
15132
15210
15288
15366
15444
15522
15600
15678
15756
16770
16848
16926
17004
17082
17160
17238
17550
17628
17706
17784
17862
17940
18018
18096
18174
18252
18330
18408
18486
18642
18720
19188
19500
