0
1
2
283
284
285
286
287
288
289
290
291
292
307
308
309
310
400
448
449
450
502
503
2370
2371
2372
2373
2374
2375
2377
2379
2380
2381
2382
2383
2385
2386
2387
2388
2396
2397
2654
2655
2721
2722
2723
2724
2725
2734
2735
2736
2737
2738
2739
2742
2743
2748
2749
2800
3084
3085
3086
3087
3088
3089
3090
3091
3092
3093
3094
3095
3096
3097
3098
3099
3100
3101
3102
3103
3104
3105
3106
3107
3108
3109
3110
3111
3112
3113
3114
3115
3116
3117
3118
3119
3120
3124
3125
3126
3127
3128
3129
3130
3131
3132
3133
3134
3135
3264
3266
3267
3268
3269
3270
3271
3272
3282
3296
3297
3746
3747
3748
3749
3750
3751
3752
3753
3754
3755
3756
3757
3758
3759
3760
3761
3762
3763
3764
3765
3766
3767
3768
3769
3770
3772
3774
3776
3777
3779
3780
3781
3782
3783
3784
3785
3786
3787
3790
3791
3792
3793
3794
3796
3797
3798
3799
3800
3801
3802
3803
3804
3805
3813
3814
4404
4405
4406
4407
4408
4720
4880
5440
6160
6240
6320
6400
6697
6698
6701
6702
6703
6704
6705
6707
6708
6709
6710
6711
6712
6718
6719
6720
7680
7760
7920
8000
8080
8160
8560
8800
9200
9360
9520
9600
9680
9984
9985
9986
9987
9988
9989
9990
9991
9992
9993
9994
9995
9996
9997
9998
9999
10000
10001
10002
10080
10800
11520
11600
11760
11840
12080
12160
12400
14160
14640
14720
14800
14880
14960
15040
15120
15200
15280
15360
16320
16400

