0
1
2
3
4
5
6
7
8
9
10
11
12
13
14
15
16
17
18
19
20
21
22
23
24
25
26
27
28
29
30
31
32
33
34
35
36
37
38
39
40
41
42
43
44
45
46
47
55
129
130
131
132
133
134
135
136
137
138
139
140
141
142
143
144
145
146
147
148
149
150
151
152
153
154
155
666
703
740
888
925
999
1073
1110
1295
1443
1517
1591
1600
1601
1602
1603
1609
1610
1611
1612
1613
1614
1615
1616
1617
1618
1619
1620
1621
1622
1623
1624
1625
1626
1627
1628
1629
1630
1631
1632
1633
1634
1635
1636
1637
1638
1639
1640
1641
1642
1643
1644
1645
1646
1647
1648
1649
1650
1651
1652
1653
1658
1659
1660
1661
1662
1663
1734
1735
1746
1747
1748
1771
1772
1785
1786
1787
1788
1789
1790
1791
1813
1924
1998
2035
2072
2220
2257
2331
2553
2590
2701
2738
2812
2849
2886
2960
3071
3256
3293
3330
3515
3663
3700
3737
4033
4107
4218
4255
4329
4403
4625
4662
5143
5180
5217
5254
5291
5328
5365
5402
5476
5513
5550
5587
5624
5661
5698
5772
5809
5994
6068
6216
6327
6771
6808
7067
7104
7289
7326
7363
7400
7437
7951
7952
7953
7954
7955
7956
7957
7960
7961
7976
7977
7978
7980
7981
7982
7991
7992
7993
7994
7995
7996
7997
7998
7999
8029
8214
8482
8483
8511
8547
8843
8917
9028
9065
9102
9139
9176
